FANN_FLO_2.1
num_layers=3
learning_rate=0.700000
connection_rate=1.000000
network_type=0
learning_momentum=0.000000
training_algorithm=2
train_error_function=1
train_stop_function=1
cascade_output_change_fraction=0.010000
quickprop_decay=-0.000100
quickprop_mu=1.750000
rprop_increase_factor=1.200000
rprop_decrease_factor=0.500000
rprop_delta_min=0.000000
rprop_delta_max=50.000000
rprop_delta_zero=0.100000
cascade_output_stagnation_epochs=12
cascade_candidate_change_fraction=0.010000
cascade_candidate_stagnation_epochs=12
cascade_max_out_epochs=150
cascade_min_out_epochs=50
cascade_max_cand_epochs=150
cascade_min_cand_epochs=50
cascade_num_candidate_groups=2
bit_fail_limit=9.99999977648258209229e-03
cascade_candidate_limit=1.00000000000000000000e+03
cascade_weight_multiplier=4.00000005960464477539e-01
cascade_activation_functions_count=10
cascade_activation_functions=3 5 7 8 10 11 14 15 16 17 
cascade_activation_steepnesses_count=4
cascade_activation_steepnesses=2.50000000000000000000e-01 5.00000000000000000000e-01 7.50000000000000000000e-01 1.00000000000000000000e+00 
layer_sizes=3 4 2 
scale_included=0
neurons (num_inputs, activation_function, activation_steepness)=(0, 0, 0.00000000000000000000e+00) (0, 0, 0.00000000000000000000e+00) (0, 0, 0.00000000000000000000e+00) (3, 5, 1.00000000000000000000e+00) (3, 5, 1.00000000000000000000e+00) (3, 5, 1.00000000000000000000e+00) (0, 5, 1.00000000000000000000e+00) (4, 5, 1.00000000000000000000e+00) (0, 5, 1.00000000000000000000e+00) 
connections (connected_to_neuron, weight)=(0, 2.88721632957458496094e+00) (1, 2.50477886199951171875e+00) (2, 4.21811819076538085938e-01) (0, 2.18906521797180175781e+00) (1, 8.22797596454620361328e-01) (2, 3.08048725128173828125e-01) (0, 9.41287338733673095703e-01) (1, 2.05260500311851501465e-01) (2, 5.34057617187500000000e-05) (3, 1.99308097362518310547e+00) (4, 6.92307054996490478516e-01) (5, 2.33479142189025878906e+00) (6, 2.67932820320129394531e+00) 
